Experiment Results
==================
Configuration: PRM_VisualIK_OFF_Integrity_ON
Total Successes: 0
Total Failures:  100
Initialization Time: 60.8573

--- Stats: ALL Runs ---
  Count:   100
  Average: 1.12296
  Median:  6.8676e-05
  Min:     6.399e-05
  Max:     60.8573
  StdDev:  7.88844

--- Stats: SUCCESSFUL Runs Only ---
  Count:   0
  (N/A - No Successes)

Run Outcomes (1=Success, 0=Fail): 0, 0, 0, 0, 0, 0, 0, 0, 0, 0, 0, 0, 0, 0, 0, 0, 0, 0, 0, 0, 0, 0, 0, 0, 0, 0, 0, 0, 0, 0, 0, 0, 0, 0, 0, 0, 0, 0, 0, 0, 0, 0, 0, 0, 0, 0, 0, 0, 0, 0, 0, 0, 0, 0, 0, 0, 0, 0, 0, 0, 0, 0, 0, 0, 0, 0, 0, 0, 0, 0, 0, 0, 0, 0, 0, 0, 0, 0, 0, 0, 0, 0, 0, 0, 0, 0, 0, 0, 0, 0, 0, 0, 0, 0, 0, 0, 0, 0, 0, 0
Raw Times (Run 0 to 99): 60.8573, 60.8573, 51.432, 9.7004e-05, 7.755e-05, 7.6175e-05, 0.000162573, 0.000132809, 0.000133704, 8.3898e-05, 8.823e-05, 8.2687e-05, 8.3548e-05, 6.8214e-05, 6.6385e-05, 7.4193e-05, 6.7128e-05, 6.6885e-05, 6.6296e-05, 6.851e-05, 6.9718e-05, 6.7179e-05, 6.6654e-05, 6.5218e-05, 7.2816e-05, 7.2089e-05, 6.7355e-05, 6.6645e-05, 7.0394e-05, 6.732e-05, 6.5014e-05, 6.582e-05, 7.3842e-05, 6.8664e-05, 6.74e-05, 7.0341e-05, 6.7714e-05, 6.6947e-05, 6.5074e-05, 6.6359e-05, 6.399e-05, 7.0709e-05, 6.7903e-05, 0.000105465, 8.6131e-05, 7.686e-05, 7.0226e-05, 6.7857e-05, 6.8802e-05, 7.2635e-05, 6.9149e-05, 6.6291e-05, 6.6282e-05, 7.0194e-05, 6.7364e-05, 6.6655e-05, 6.5467e-05, 6.4279e-05, 6.6168e-05, 6.5757e-05, 6.5751e-05, 7.5289e-05, 6.7395e-05, 6.8785e-05, 6.5523e-05, 6.9815e-05, 6.9072e-05, 6.7183e-05, 6.6928e-05, 7.1101e-05, 6.8565e-05, 7.2886e-05, 6.8688e-05, 6.7814e-05, 6.8377e-05, 6.5478e-05, 6.6793e-05, 6.7048e-05, 9.1448e-05, 7.9545e-05, 7.3612e-05, 7.3019e-05, 6.9822e-05, 6.7677e-05, 6.6957e-05, 7.4396e-05, 8.7908e-05, 7.4679e-05, 7.1686e-05, 6.7142e-05, 6.7285e-05, 7.4315e-05, 6.8795e-05, 6.8281e-05, 6.7532e-05, 7.0337e-05, 6.7636e-05, 6.9227e-05, 9.1462e-05, 6.8239e-05, 7.2802e-05

Configuration: PRM_VisualIK_OFF_Integrity_OFF
Total Successes: 0
Total Failures:  100
Initialization Time: 0.000758856

--- Stats: ALL Runs ---
  Count:   100
  Average: 0.000134632
  Median:  8.193e-05
  Min:     6.4185e-05
  Max:     0.000758856
  StdDev:  0.000113876

--- Stats: SUCCESSFUL Runs Only ---
  Count:   0
  (N/A - No Successes)

Run Outcomes (1=Success, 0=Fail): 0, 0, 0, 0, 0, 0, 0, 0, 0, 0, 0, 0, 0, 0, 0, 0, 0, 0, 0, 0, 0, 0, 0, 0, 0, 0, 0, 0, 0, 0, 0, 0, 0, 0, 0, 0, 0, 0, 0, 0, 0, 0, 0, 0, 0, 0, 0, 0, 0, 0, 0, 0, 0, 0, 0, 0, 0, 0, 0, 0, 0, 0, 0, 0, 0, 0, 0, 0, 0, 0, 0, 0, 0, 0, 0, 0, 0, 0, 0, 0, 0, 0, 0, 0, 0, 0, 0, 0, 0, 0, 0, 0, 0, 0, 0, 0, 0, 0, 0, 0
Raw Times (Run 0 to 99): 0.000758856, 0.000758856, 0.00062184, 0.000372214, 0.00041125, 0.00039225, 0.000368045, 0.000333064, 0.000274081, 0.000212186, 0.000207702, 0.000163749, 0.000141075, 0.000116173, 0.000110579, 0.000128719, 0.000110412, 0.000113164, 0.000130106, 0.000135177, 0.000151065, 0.000155321, 0.000192025, 0.000179391, 0.000152228, 0.000149953, 0.000127048, 0.000213407, 0.000166221, 0.000163948, 0.000172045, 0.000310413, 0.000307275, 0.00024019, 0.000188732, 0.000296409, 0.000160549, 0.00012381, 0.000100887, 9.5767e-05, 9.9031e-05, 8.0947e-05, 7.324e-05, 6.7943e-05, 6.9851e-05, 7.0011e-05, 6.7127e-05, 6.6915e-05, 6.5438e-05, 6.4185e-05, 0.000126429, 8.5649e-05, 7.7806e-05, 8.885e-05, 8.6437e-05, 0.000180858, 7.78e-05, 7.0785e-05, 6.7571e-05, 6.9369e-05, 6.6326e-05, 7.1231e-05, 6.7625e-05, 6.8304e-05, 7.0201e-05, 7.4778e-05, 6.9541e-05, 6.8547e-05, 7.797e-05, 8.602e-05, 7.8754e-05, 7.7988e-05, 7.8522e-05, 7.1055e-05, 6.5097e-05, 6.4923e-05, 6.7105e-05, 6.6566e-05, 6.7386e-05, 6.9396e-05, 6.7075e-05, 6.5928e-05, 6.4711e-05, 6.548e-05, 6.8768e-05, 6.5109e-05, 0.000118526, 8.0127e-05, 7.4007e-05, 0.000131697, 8.2012e-05, 8.1237e-05, 7.2116e-05, 6.9174e-05, 6.7623e-05, 7.2441e-05, 8.1848e-05, 8.3364e-05, 7.7256e-05, 7.2753e-05, 7.1077e-05

